,constant
0,1.0
1,1.0
2,1.0
3,1.0
4,1.0
5,1.0
6,1.0
7,1.0
8,1.0
9,1.0
10,1.0
11,1.0
12,1.0
13,1.0000000000000002
14,1.0000000000000002
15,1.0
16,1.0
17,1.0
18,1.0
19,1.0
20,1.0
21,1.0
22,1.0
23,1.0
24,1.0
25,1.0
26,1.0
27,1.0
28,1.0
29,1.0
30,1.0
31,1.0
32,1.0
33,1.0
34,1.0
35,1.0
36,1.0
37,1.0
38,1.0
39,1.0
40,1.0
41,1.0
42,1.0
43,1.0
44,1.0
45,1.0
46,1.0
47,1.0
48,1.0
49,1.0
50,1.0
51,1.0
52,1.0
53,1.0
54,1.0
55,1.0
56,1.0
57,1.0
58,1.0
59,1.0
60,1.0
61,1.0
62,1.0
63,1.0
64,1.0
65,1.0
66,1.0
67,1.0
68,1.0
69,1.0
70,1.0
71,1.0
72,1.0
73,1.0
74,1.0
75,1.0
76,1.0
77,1.0
78,1.0
79,1.0000000000000002
80,1.0000000000000002
81,1.0000000000000002
82,1.0000000000000002
83,1.0000000000000002
84,1.0000000000000002
85,1.0000000000000002
86,1.0000000000000002
87,1.0000000000000002
88,1.0000000000000002
89,1.0000000000000002
90,1.0000000000000002
91,1.0000000000000002
92,1.0000000000000002
93,1.0
94,1.0
95,1.0
96,1.0
97,1.0
98,1.0000000000000002
99,1.0000000000000002
100,1.0000000000000002
101,1.0000000000000002
102,1.0000000000000002
103,1.0000000000000002
104,1.0
105,1.0
106,1.0
107,1.0
108,1.0
109,1.0
110,1.0
111,1.0
112,1.0
113,1.0
114,1.0
115,1.0
116,1.0
117,1.0
118,1.0
119,1.0
120,1.0
121,1.0
122,1.0
123,1.0000000000000002
124,1.0
125,1.0
126,1.0
127,1.0
128,1.0
129,1.0
130,1.0
131,1.0
132,1.0
133,1.0000000000000002
134,1.0000000000000002
135,1.0000000000000002
136,1.0
137,1.0000000000000002
138,1.0
139,1.0
140,1.0
141,1.0
142,1.0
143,1.0
144,1.0
145,1.0
146,1.0
147,1.0
148,1.0
149,1.0
150,1.0
151,1.0
152,1.0
153,1.0
154,1.0000000000000002
155,1.0000000000000002
156,1.0000000000000002
157,1.0000000000000002
158,1.0000000000000002
159,1.0000000000000002
160,1.0000000000000002
161,1.0000000000000002
162,1.0000000000000002
163,1.0000000000000002
164,1.0000000000000002
165,1.0
166,1.0
167,1.0
168,1.0
169,1.0
170,1.0
171,1.0
172,1.0
173,1.0
174,1.0
175,1.0
176,1.0
177,1.0
178,1.0000000000000002
179,1.0000000000000002
180,1.0000000000000002
181,1.0000000000000002
182,1.0000000000000002
183,1.0000000000000002
184,1.0000000000000002
185,1.0000000000000002
186,1.0000000000000002
187,1.0000000000000002
188,1.0000000000000002
189,1.0000000000000002
190,1.0000000000000002
191,1.0000000000000002
192,1.0000000000000002
193,1.0000000000000002
194,1.0000000000000002
195,1.0000000000000002
196,1.0000000000000002
197,1.0000000000000002
198,1.0000000000000002
199,1.0000000000000002
200,1.0000000000000002
201,1.0000000000000002
202,1.0000000000000002
203,1.0000000000000002
204,1.0000000000000002
205,1.0000000000000002
206,1.0000000000000002
207,1.0000000000000002
208,1.0000000000000002
209,1.0000000000000002
210,1.0000000000000002
211,1.0000000000000002
212,1.0000000000000002
213,1.0000000000000002
214,1.0000000000000002
215,1.0000000000000002
216,1.0000000000000002
217,1.0000000000000002
218,1.0000000000000002
219,1.0000000000000002
220,1.0000000000000002
221,1.0000000000000002
222,1.0000000000000002
223,1.0000000000000002
224,1.0000000000000002
225,1.0000000000000002
226,1.0000000000000002
227,1.0000000000000002
228,1.0000000000000002
229,1.0000000000000002
230,1.0000000000000002
231,1.0000000000000002
232,1.0000000000000002
233,1.0000000000000002
234,1.0000000000000002
235,1.0000000000000002
236,1.0000000000000002
237,1.0000000000000002
238,1.0000000000000002
239,1.0000000000000002
240,1.0000000000000002
241,1.0000000000000002
242,1.0000000000000002
243,1.0000000000000002
244,1.0000000000000002
245,1.0000000000000002
246,1.0000000000000002
247,1.0000000000000002
248,1.0000000000000002
249,1.0000000000000002
250,1.0000000000000002
251,1.0000000000000002
252,1.0000000000000002
253,1.0000000000000002
254,1.0000000000000002
255,1.0000000000000002
256,1.0000000000000002
257,1.0000000000000002
258,1.0000000000000002
259,1.0000000000000002
260,1.0000000000000002
261,1.0000000000000002
262,1.0000000000000002
263,1.0000000000000002
264,1.0000000000000002
265,1.0000000000000002
266,1.0000000000000002
267,1.0000000000000002
268,1.0000000000000002
269,1.0000000000000002
270,1.0000000000000002
271,1.0000000000000002
272,1.0000000000000002
273,1.0000000000000002
274,1.0000000000000002
275,1.0000000000000002
276,1.0000000000000002
277,1.0000000000000002
278,1.0000000000000002
279,1.0000000000000002
280,1.0000000000000002
281,1.0000000000000002
282,1.0000000000000002
283,1.0000000000000002
284,1.0000000000000002
285,1.0000000000000002
286,1.0000000000000002
287,1.0000000000000002
288,1.0000000000000002
289,1.0000000000000002
290,1.0000000000000002
291,1.0000000000000002
292,1.0000000000000002
293,1.0000000000000002
294,1.0000000000000002
295,1.0000000000000002
296,1.0000000000000002
297,1.0000000000000002
298,1.0000000000000002
299,1.0000000000000002
300,1.0000000000000002
301,1.0000000000000002
302,1.0000000000000002
303,1.0000000000000002
304,1.0000000000000002
305,1.0000000000000002
306,1.0000000000000002
307,1.0000000000000002
308,1.0000000000000002
309,1.0000000000000002
310,1.0000000000000002
311,1.0000000000000002
312,1.0000000000000002
313,1.0000000000000002
314,1.0000000000000002
315,1.0000000000000002
316,1.0000000000000002
317,1.0000000000000002
318,1.0000000000000002
319,1.0000000000000002
320,1.0000000000000002
321,1.0000000000000002
322,1.0000000000000002
323,1.0000000000000002
324,1.0000000000000002
325,1.0000000000000002
326,1.0000000000000002
327,1.0000000000000002
328,1.0000000000000002
329,1.0000000000000002
330,1.0000000000000002
331,1.0000000000000002
332,1.0000000000000002
333,1.0000000000000002
334,1.0000000000000002
335,1.0000000000000002
336,1.0000000000000002
337,1.0000000000000002
338,1.0000000000000002
339,1.0000000000000002
340,1.0000000000000002
341,1.0000000000000002
342,1.0000000000000002
343,1.0000000000000002
344,1.0000000000000002
345,1.0000000000000002
346,1.0000000000000002
347,1.0000000000000002
348,1.0000000000000002
349,1.0000000000000002
350,1.0000000000000002
351,1.0000000000000002
352,1.0000000000000002
353,1.0000000000000002
354,1.0000000000000002
355,1.0000000000000002
356,1.0000000000000002
357,1.0000000000000002
358,1.0000000000000002
359,1.0000000000000002
360,1.0000000000000002
361,1.0000000000000002
362,1.0000000000000002
363,1.0000000000000002
364,1.0000000000000002
365,1.0000000000000002
366,1.0000000000000002
367,1.0000000000000002
368,1.0000000000000002
369,1.0000000000000002
370,1.0000000000000002
371,1.0000000000000002
372,1.0000000000000002
373,1.0000000000000002
374,1.0000000000000002
375,1.0000000000000002
376,1.0000000000000002
377,1.0000000000000002
378,1.0000000000000002
379,1.0000000000000002
380,1.0000000000000002
381,1.0000000000000002
382,1.0000000000000002
383,1.0000000000000002
384,1.0000000000000002
385,1.0000000000000002
386,1.0000000000000002
387,1.0000000000000002
388,1.0
389,1.0
390,1.0
391,1.0
392,1.0
393,1.0
394,1.0
395,1.0
396,1.0
397,1.0
398,1.0
399,1.0
400,1.0
401,1.0
402,1.0
403,1.0
404,1.0
405,1.0
406,1.0
407,1.0
408,1.0
409,1.0
410,1.0
411,1.0
412,1.0
413,1.0
414,1.0
415,1.0
416,1.0
417,1.0
418,1.0
419,1.0
420,1.0
421,1.0
422,1.0
423,1.0
424,1.0
425,1.0
426,1.0
427,1.0
428,1.0
429,1.0
430,1.0
431,1.0
432,1.0
433,1.0
434,1.0
435,1.0
436,1.0
437,1.0
438,1.0
439,1.0
440,1.0
441,1.0000000000000002
442,1.0000000000000002
443,1.0000000000000002
444,1.0
445,1.0
446,1.0
447,1.0
448,1.0
449,1.0
450,1.0
451,1.0
452,1.0
453,1.0
454,1.0
455,1.0
456,1.0
457,1.0
458,1.0
459,1.0
460,1.0
461,1.0
462,1.0
463,1.0
464,1.0
465,1.0
466,1.0
467,1.0
468,1.0
469,1.0
470,1.0
471,1.0
472,1.0
473,1.0
474,1.0
475,1.0
476,1.0
477,1.0
478,1.0000000000000002
479,1.0000000000000002
480,1.0000000000000002
481,1.0000000000000002
482,1.0000000000000002
483,1.0000000000000002
484,1.0000000000000002
485,1.0000000000000002
486,1.0000000000000002
487,1.0
488,1.0
489,1.0
490,1.0
491,1.0000000000000002
492,1.0
493,1.0000000000000002
494,1.0000000000000002
495,1.0000000000000002
496,1.0
497,1.0
498,1.0
499,1.0
500,1.0
501,1.0
502,1.0
503,1.0
504,1.0
505,1.0
506,1.0
507,1.0
508,1.0
509,1.0
510,1.0
511,1.0
512,1.0000000000000002
513,1.0000000000000002
514,1.0000000000000002
515,1.0000000000000002
516,1.0000000000000002
517,1.0000000000000002
518,1.0000000000000002
519,1.0000000000000002
520,1.0000000000000002
521,1.0000000000000002
522,1.0000000000000002
523,1.0000000000000002
524,1.0000000000000002
525,1.0000000000000002
526,1.0000000000000002
527,1.0000000000000002
528,1.0000000000000002
529,1.0
530,1.0000000000000002
531,1.0
532,1.0
533,1.0
534,1.0
535,1.0000000000000002
536,1.0000000000000002
537,1.0000000000000002
538,1.0000000000000002
539,1.0000000000000002
540,1.0000000000000002
541,1.0000000000000002
542,1.0000000000000002
543,1.0000000000000002
544,1.0000000000000002
545,1.0000000000000002
546,1.0000000000000002
547,1.0000000000000002
548,1.0000000000000002
549,1.0000000000000002
550,1.0000000000000002
551,1.0000000000000002
552,1.0000000000000002
553,1.0000000000000002
554,1.0000000000000002
555,1.0000000000000002
556,1.0000000000000002
557,1.0000000000000002
558,1.0000000000000002
559,1.0000000000000002
560,1.0000000000000002
561,1.0000000000000002
562,1.0000000000000002
563,1.0000000000000002
564,1.0000000000000002
565,1.0000000000000002
566,1.0000000000000002
567,1.0000000000000002
568,1.0000000000000002
569,1.0000000000000002
570,1.0000000000000002
571,1.0000000000000002
572,1.0000000000000002
573,1.0000000000000002
574,1.0000000000000002
575,1.0000000000000002
576,1.0000000000000002
577,1.0000000000000002
578,1.0000000000000002
579,1.0000000000000002
580,1.0000000000000002
581,1.0000000000000002
582,1.0000000000000002
583,1.0000000000000002
584,1.0000000000000002
585,1.0000000000000002
586,1.0000000000000002
587,1.0000000000000002
588,1.0000000000000002
589,1.0000000000000002
590,1.0000000000000002
591,1.0000000000000002
592,1.0000000000000002
593,1.0000000000000002
594,1.0000000000000002
595,1.0000000000000002
596,1.0000000000000002
597,1.0000000000000002
598,1.0000000000000002
599,1.0000000000000002
600,1.0000000000000002
601,1.0000000000000002
602,1.0000000000000002
603,1.0000000000000002
604,1.0000000000000002
605,1.0000000000000002
606,1.0000000000000002
607,1.0000000000000002
608,1.0000000000000002
609,1.0000000000000002
610,1.0000000000000002
611,1.0000000000000002
612,1.0000000000000002
613,1.0000000000000002
614,1.0000000000000002
615,1.0000000000000002
616,1.0000000000000002
617,1.0000000000000002
618,1.0000000000000002
619,1.0000000000000002
620,1.0000000000000002
621,1.0000000000000002
622,1.0000000000000002
623,1.0000000000000002
624,1.0000000000000002
625,1.0000000000000002
626,1.0000000000000002
627,1.0000000000000002
628,1.0000000000000002
629,1.0000000000000002
630,1.0000000000000002
631,1.0000000000000002
632,1.0000000000000002
633,1.0000000000000002
634,1.0000000000000002
635,1.0000000000000002
636,1.0000000000000002
637,1.0000000000000002
638,1.0000000000000002
639,1.0000000000000002
640,1.0000000000000002
641,1.0000000000000002
642,1.0000000000000002
643,1.0000000000000002
644,1.0000000000000002
645,1.0000000000000002
646,1.0000000000000002
647,1.0000000000000002
648,1.0000000000000002
649,1.0000000000000002
650,1.0000000000000002
651,1.0000000000000002
652,1.0000000000000002
653,1.0000000000000002
654,1.0000000000000002
655,1.0000000000000002
656,1.0000000000000002
657,1.0000000000000002
658,1.0000000000000002
659,1.0000000000000002
660,1.0000000000000002
661,1.0000000000000002
662,1.0000000000000002
663,1.0000000000000002
664,1.0000000000000002
665,1.0000000000000002
666,1.0000000000000002
667,1.0000000000000002
668,1.0000000000000002
669,1.0000000000000002
670,1.0000000000000002
671,1.0000000000000002
672,1.0000000000000002
673,1.0000000000000002
674,1.0000000000000002
675,1.0000000000000002
676,1.0000000000000002
677,1.0000000000000002
678,1.0000000000000002
679,1.0000000000000002
680,1.0000000000000002
681,1.0000000000000002
682,1.0000000000000002
683,1.0000000000000002
684,1.0000000000000002
685,1.0000000000000002
686,1.0000000000000002
687,1.0000000000000002
688,1.0000000000000002
689,1.0000000000000002
690,1.0000000000000002
691,1.0000000000000002
692,1.0000000000000002
693,1.0000000000000002
694,1.0000000000000002
695,1.0000000000000002
696,1.0000000000000002
697,1.0000000000000002
698,1.0000000000000002
699,1.0000000000000002
700,1.0000000000000002
701,1.0000000000000002
702,1.0000000000000002
703,1.0000000000000002
704,1.0000000000000002
705,1.0000000000000002
706,1.0000000000000002
707,1.0000000000000002
708,1.0000000000000002
709,1.0000000000000002
710,1.0000000000000002
711,1.0000000000000002
712,1.0000000000000002
713,1.0000000000000002
714,1.0000000000000002
715,1.0000000000000002
716,1.0000000000000002
717,1.0000000000000002
718,1.0000000000000002
719,1.0000000000000002
720,1.0000000000000002
721,1.0000000000000002
722,1.0000000000000002
723,1.0000000000000002
724,1.0000000000000002
725,1.0000000000000002
726,1.0000000000000002
727,1.0000000000000002
728,1.0000000000000002
729,1.0000000000000002
730,1.0000000000000002
731,1.0000000000000002
732,1.0000000000000002
733,1.0000000000000002
734,1.0000000000000002
735,1.0000000000000002
736,1.0000000000000002
737,1.0000000000000002
738,1.0000000000000002
739,1.0000000000000002
740,1.0000000000000002
741,1.0000000000000002
742,1.0000000000000002
743,1.0000000000000002
744,1.0000000000000002
745,1.0000000000000002
746,1.0000000000000002
747,1.0000000000000002
748,1.0000000000000002
749,1.0000000000000002
750,1.0000000000000002
751,1.0000000000000002
752,1.0000000000000002
753,1.0000000000000002
754,1.0000000000000002
755,1.0000000000000002
756,1.0000000000000002
757,1.0000000000000002
758,1.0000000000000002
759,1.0000000000000002
760,1.0000000000000002
761,1.0000000000000002
762,1.0000000000000002
763,1.0000000000000002
764,1.0000000000000002
765,1.0000000000000002
766,1.0000000000000002
767,1.0000000000000002
768,1.0000000000000002
769,1.0000000000000002
770,1.0000000000000002
771,1.0000000000000002
772,1.0000000000000002
773,1.0000000000000002
774,1.0000000000000002
775,1.0000000000000002
776,1.0000000000000002
777,1.0000000000000002
778,1.0000000000000002
779,1.0000000000000002
780,1.0000000000000002
781,1.0000000000000002
782,1.0000000000000002
783,1.0000000000000002
784,1.0000000000000002
785,1.0000000000000002
786,1.0000000000000002
787,1.0000000000000002
788,1.0000000000000002
789,1.0000000000000002
790,1.0000000000000002
791,1.0000000000000002
792,1.0000000000000002
793,1.0000000000000002
794,1.0000000000000002
795,1.0000000000000002
796,1.0000000000000002
797,1.0000000000000002
798,1.0000000000000002
799,1.0000000000000002
800,1.0000000000000002
801,1.0000000000000002
802,1.0000000000000002
803,1.0000000000000002
804,1.0000000000000002
805,1.0000000000000002
806,1.0000000000000002
807,1.0000000000000002
808,1.0000000000000002
809,1.0000000000000002
810,1.0000000000000002
811,1.0000000000000002
812,1.0000000000000002
813,1.0000000000000002
814,1.0000000000000002
815,1.0000000000000002
816,1.0000000000000002
817,1.0000000000000002
818,1.0000000000000002
819,1.0000000000000002
820,1.0000000000000002
821,1.0000000000000002
822,1.0000000000000002
823,1.0000000000000002
824,1.0000000000000002
825,1.0
826,1.0
827,1.0
828,1.0
829,1.0
830,1.0
831,1.0
832,1.0
833,1.0
834,1.0
835,1.0
836,1.0
837,1.0
838,1.0
839,1.0
840,1.0
841,1.0
842,1.0
843,1.0
844,1.0
845,1.0
846,1.0
847,1.0
848,1.0
849,1.0
850,1.0
851,1.0
852,1.0
853,1.0
854,1.0
855,1.0000000000000002
856,1.0000000000000002
857,1.0000000000000002
858,1.0000000000000002
859,1.0000000000000002
860,1.0000000000000002
861,1.0000000000000002
862,1.0000000000000002
863,1.0000000000000002
864,1.0000000000000002
865,1.0000000000000002
866,1.0000000000000002
867,1.0000000000000002
868,1.0000000000000002
869,1.0000000000000002
870,1.0000000000000002
871,1.0000000000000002
872,1.0000000000000002
873,1.0000000000000002
874,1.0000000000000002
875,1.0000000000000002
876,1.0000000000000002
877,1.0000000000000002
878,1.0000000000000002
879,1.0000000000000002
880,1.0000000000000002
881,1.0000000000000002
882,1.0000000000000002
883,1.0000000000000002
884,1.0000000000000002
885,1.0000000000000002
886,1.0000000000000002
887,1.0000000000000002
888,1.0000000000000002
889,1.0000000000000002
890,1.0000000000000002
891,1.0000000000000002
892,1.0000000000000002
893,1.0000000000000002
894,1.0000000000000002
895,1.0000000000000002
896,1.0000000000000002
897,1.0000000000000002
898,1.0000000000000002
899,1.0000000000000002
900,1.0000000000000002
901,1.0000000000000002
902,1.0000000000000002
903,1.0000000000000002
904,1.0000000000000002
905,1.0000000000000002
906,1.0000000000000002
907,1.0000000000000002
908,1.0000000000000002
909,1.0000000000000002
910,1.0000000000000002
911,1.0000000000000002
912,1.0000000000000002
913,1.0000000000000002
914,1.0000000000000002
915,1.0000000000000002
916,1.0000000000000002
917,1.0000000000000002
918,1.0000000000000002
919,1.0000000000000002
920,1.0000000000000002
921,1.0000000000000002
922,1.0000000000000002
923,1.0000000000000002
924,1.0000000000000002
925,1.0000000000000002
926,1.0000000000000002
927,1.0000000000000002
928,1.0000000000000002
929,1.0000000000000002
930,1.0000000000000002
931,1.0000000000000002
932,1.0000000000000002
933,1.0000000000000002
934,1.0000000000000002
935,1.0000000000000002
936,1.0000000000000002
937,1.0000000000000002
938,1.0000000000000002
939,1.0000000000000002
940,1.0000000000000002
941,1.0000000000000002
942,1.0000000000000002
943,1.0000000000000002
944,1.0000000000000002
945,1.0000000000000002
946,1.0000000000000002
947,1.0000000000000002
948,1.0000000000000002
949,1.0000000000000002
950,1.0000000000000002
951,1.0000000000000002
952,1.0000000000000002
953,1.0000000000000002
954,1.0000000000000002
955,1.0000000000000002
956,1.0000000000000002
957,1.0000000000000002
958,1.0000000000000002
959,1.0000000000000002
960,1.0000000000000002
961,1.0000000000000002
962,1.0000000000000002
963,1.0000000000000002
964,1.0000000000000002
965,1.0000000000000002
966,1.0000000000000002
967,1.0000000000000002
968,1.0000000000000002
969,1.0000000000000002
970,1.0000000000000002
971,1.0000000000000002
972,1.0000000000000002
973,1.0000000000000002
974,1.0
975,1.0000000000000002
976,1.0000000000000002
977,1.0000000000000002
978,1.0000000000000002
979,1.0000000000000002
980,1.0000000000000002
981,1.0
982,1.0
983,1.0
984,1.0
985,1.0
986,1.0
987,1.0
988,1.0
989,1.0
990,1.0
991,1.0
992,1.0000000000000002
993,1.0000000000000002
994,1.0000000000000002
995,1.0
996,1.0
997,1.0
998,1.0
999,1.0
